1.000000000000000000e+00 2.320000000000000000e+02 0.000000000000000000e+00 8.620689655172413673e-03 2.586206896551724102e-02 7.758620689655172653e-02 2.155172413793103314e-01 1.853448275862069061e-01 3.232758620689655249e-01 6.896551724137930939e-02 9.482758620689654694e-02 0.000000000000000000e+00
1.000000000000000000e+00 1.280000000000000000e+02 0.000000000000000000e+00 0.000000000000000000e+00 4.687500000000000000e-02 9.375000000000000000e-02 1.015625000000000000e-01 2.343750000000000000e-01 2.500000000000000000e-01 1.328125000000000000e-01 1.171875000000000000e-01 2.343750000000000000e-02
1.000000000000000000e+00 1.680000000000000000e+02 0.000000000000000000e+00 1.785714285714285754e-01 5.357142857142856845e-02 1.428571428571428492e-01 2.142857142857142738e-01 1.309523809523809590e-01 1.369047619047619180e-01 6.547619047619047949e-02 7.738095238095238360e-02 0.000000000000000000e+00
1.000000000000000000e+00 4.500000000000000000e+01 2.222222222222222307e-02 4.444444444444444614e-02 2.222222222222222099e-01 8.888888888888889228e-02 8.888888888888889228e-02 3.111111111111111160e-01 1.333333333333333315e-01 6.666666666666666574e-02 2.222222222222222307e-02 0.000000000000000000e+00
1.000000000000000000e+00 3.900000000000000000e+01 0.000000000000000000e+00 2.564102564102564014e-02 5.128205128205128027e-02 7.692307692307692735e-02 1.025641025641025605e-01 4.358974358974359031e-01 2.307692307692307820e-01 2.564102564102564014e-02 5.128205128205128027e-02 0.000000000000000000e+00
1.000000000000000000e+00 1.880000000000000000e+02 5.319148936170212810e-02 1.063829787234042527e-02 1.063829787234042562e-01 1.063829787234042562e-01 2.021276595744680715e-01 2.021276595744680715e-01 2.127659574468085124e-01 6.382978723404254817e-02 3.723404255319148759e-02 5.319148936170212637e-03
1.000000000000000000e+00 1.720000000000000000e+02 0.000000000000000000e+00 3.488372093023255766e-02 8.720930232558139761e-02 8.139534883720930813e-02 1.802325581395348708e-01 1.802325581395348708e-01 2.790697674418604612e-01 8.139534883720930813e-02 7.558139534883720478e-02 0.000000000000000000e+00
1.000000000000000000e+00 1.600000000000000000e+02 2.500000000000000139e-02 5.625000000000000139e-02 1.125000000000000028e-01 1.125000000000000028e-01 2.000000000000000111e-01 1.187499999999999944e-01 1.437499999999999889e-01 1.562500000000000000e-01 7.499999999999999722e-02 0.000000000000000000e+00
1.000000000000000000e+00 1.680000000000000000e+02 0.000000000000000000e+00 5.952380952380952051e-03 1.071428571428571369e-01 1.071428571428571369e-01 1.666666666666666574e-01 2.202380952380952328e-01 2.142857142857142738e-01 9.523809523809523281e-02 7.738095238095238360e-02 5.952380952380952051e-03
1.000000000000000000e+00 2.140000000000000000e+02 2.336448598130841034e-02 9.345794392523364136e-02 5.140186915887850344e-02 2.383177570093457931e-01 1.074766355140186896e-01 2.009345794392523310e-01 1.121495327102803724e-01 9.345794392523364136e-02 7.009345794392522755e-02 9.345794392523363789e-03
1.000000000000000000e+00 3.150000000000000000e+02 0.000000000000000000e+00 6.031746031746031828e-02 5.079365079365079361e-02 6.984126984126984294e-02 1.682539682539682668e-01 2.285714285714285643e-01 2.190476190476190466e-01 1.142857142857142821e-01 7.936507936507936067e-02 9.523809523809524669e-03
1.000000000000000000e+00 2.700000000000000000e+02 0.000000000000000000e+00 3.703703703703703845e-03 4.074074074074074403e-02 1.074074074074074098e-01 2.518518518518518268e-01 1.703703703703703665e-01 1.851851851851851749e-01 1.185185185185185230e-01 1.074074074074074098e-01 1.481481481481481538e-02
1.000000000000000000e+00 1.120000000000000000e+02 0.000000000000000000e+00 2.678571428571428423e-02 6.250000000000000000e-02 5.357142857142856845e-02 1.875000000000000000e-01 2.321428571428571508e-01 1.964285714285714246e-01 1.160714285714285754e-01 1.071428571428571369e-01 1.785714285714285615e-02
1.000000000000000000e+00 1.160000000000000000e+02 0.000000000000000000e+00 8.620689655172413673e-03 1.551724137931034531e-01 1.465517241379310220e-01 1.982758620689655249e-01 1.293103448275862155e-01 1.379310344827586188e-01 1.551724137931034531e-01 6.896551724137930939e-02 0.000000000000000000e+00
1.000000000000000000e+00 1.590000000000000000e+02 0.000000000000000000e+00 0.000000000000000000e+00 6.289308176100629269e-03 7.547169811320754429e-02 1.572327044025157161e-01 1.886792452830188815e-01 2.012578616352201366e-01 2.075471698113207641e-01 1.509433962264150886e-01 1.257861635220125854e-02
1.000000000000000000e+00 1.350000000000000000e+02 0.000000000000000000e+00 5.925925925925926152e-02 2.962962962962963076e-02 5.925925925925926152e-02 1.629629629629629761e-01 1.555555555555555580e-01 1.925925925925925930e-01 1.703703703703703665e-01 1.185185185185185230e-01 5.185185185185185036e-02
1.000000000000000000e+00 1.010000000000000000e+02 0.000000000000000000e+00 2.970297029702970160e-02 5.940594059405940319e-02 3.960396039603960444e-02 2.178217821782178210e-01 2.475247524752475226e-01 1.782178217821782096e-01 6.930693069306931298e-02 9.900990099009901457e-02 5.940594059405940319e-02
1.000000000000000000e+00 1.200000000000000000e+02 0.000000000000000000e+00 2.500000000000000139e-02 8.333333333333332871e-02 1.000000000000000056e-01 1.333333333333333315e-01 2.750000000000000222e-01 1.916666666666666796e-01 1.166666666666666685e-01 5.833333333333333426e-02 1.666666666666666644e-02
1.000000000000000000e+00 2.090000000000000000e+02 0.000000000000000000e+00 0.000000000000000000e+00 8.133971291866028130e-02 2.870813397129186664e-02 2.009569377990430561e-01 2.535885167464114742e-01 1.244019138755980830e-01 1.770334928229665150e-01 9.090909090909091161e-02 4.306220095693780170e-02
1.000000000000000000e+00 4.800000000000000000e+01 0.000000000000000000e+00 2.083333333333333218e-02 2.291666666666666574e-01 4.166666666666666435e-02 1.875000000000000000e-01 1.250000000000000000e-01 2.291666666666666574e-01 1.250000000000000000e-01 4.166666666666666435e-02 0.000000000000000000e+00
1.000000000000000000e+00 4.700000000000000000e+01 4.255319148936170109e-02 0.000000000000000000e+00 6.382978723404254817e-02 1.489361702127659504e-01 1.276595744680850963e-01 2.127659574468085124e-01 1.276595744680850963e-01 1.914893617021276584e-01 6.382978723404254817e-02 2.127659574468085055e-02
1.000000000000000000e+00 4.600000000000000000e+01 0.000000000000000000e+00 0.000000000000000000e+00 4.347826086956521618e-02 1.956521739130434867e-01 1.956521739130434867e-01 8.695652173913043237e-02 2.608695652173912971e-01 8.695652173913043237e-02 1.304347826086956486e-01 0.000000000000000000e+00
1.000000000000000000e+00 2.480000000000000000e+02 0.000000000000000000e+00 0.000000000000000000e+00 4.032258064516128920e-02 2.217741935483870941e-01 8.870967741935484319e-02 2.137096774193548432e-01 1.250000000000000000e-01 4.435483870967742159e-02 2.580645161290322509e-01 8.064516129032257841e-03
1.000000000000000000e+00 2.070000000000000000e+02 0.000000000000000000e+00 4.830917874396135035e-03 1.835748792270531504e-01 0.000000000000000000e+00 1.932367149758454083e-01 2.077294685990338230e-01 1.787439613526569937e-01 8.212560386473430341e-02 7.729468599033816056e-02 7.246376811594203160e-02
1.000000000000000000e+00 1.790000000000000000e+02 0.000000000000000000e+00 1.675977653631284883e-02 1.173184357541899453e-01 1.675977653631284883e-02 1.899441340782122845e-01 1.396648044692737345e-01 1.675977653631284814e-01 1.508379888268156499e-01 1.564245810055865937e-01 4.469273743016759920e-02
1.000000000000000000e+00 3.800000000000000000e+01 0.000000000000000000e+00 5.263157894736841813e-02 2.631578947368420907e-02 1.315789473684210453e-01 5.263157894736841813e-02 2.105263157894736725e-01 2.631578947368420907e-01 1.315789473684210453e-01 7.894736842105262720e-02 5.263157894736841813e-02
2.500000000000000000e+00 1.550000000000000000e+02 0.000000000000000000e+00 0.000000000000000000e+00 1.419354838709677435e-01 1.483870967741935387e-01 1.870967741935483930e-01 2.258064516129032195e-01 1.419354838709677435e-01 1.096774193548387122e-01 3.225806451612903136e-02 1.290322580645161289e-02
2.500000000000000000e+00 5.700000000000000000e+01 0.000000000000000000e+00 0.000000000000000000e+00 5.263157894736841813e-02 1.754385964912280604e-01 1.578947368421052544e-01 3.684210526315789269e-01 1.228070175438596423e-01 1.052631578947368363e-01 1.754385964912280604e-02 0.000000000000000000e+00
2.500000000000000000e+00 1.320000000000000000e+02 7.575757575757575968e-03 2.272727272727272790e-02 7.575757575757575968e-03 2.272727272727272652e-01 1.515151515151515194e-01 1.893939393939393923e-01 1.893939393939393923e-01 1.287878787878787845e-01 6.818181818181817677e-02 7.575757575757575968e-03
2.500000000000000000e+00 8.400000000000000000e+01 0.000000000000000000e+00 0.000000000000000000e+00 2.380952380952380820e-02 1.190476190476190410e-01 1.904761904761904656e-01 1.428571428571428492e-01 2.857142857142856984e-01 1.666666666666666574e-01 5.952380952380952051e-02 1.190476190476190410e-02
2.500000000000000000e+00 1.400000000000000000e+02 0.000000000000000000e+00 7.142857142857142461e-02 5.714285714285714107e-02 8.571428571428571508e-02 2.071428571428571563e-01 1.499999999999999944e-01 1.214285714285714274e-01 1.285714285714285587e-01 1.571428571428571397e-01 2.142857142857142877e-02
2.500000000000000000e+00 1.450000000000000000e+02 2.068965517241379282e-02 1.379310344827586188e-02 1.172413793103448260e-01 1.310344827586207017e-01 1.793103448275862044e-01 1.655172413793103425e-01 1.793103448275862044e-01 1.241379310344827569e-01 4.827586206896551657e-02 2.068965517241379282e-02
2.500000000000000000e+00 1.370000000000000000e+02 0.000000000000000000e+00 7.299270072992700489e-03 1.678832116788321061e-01 1.167883211678832078e-01 1.970802919708029288e-01 2.043795620437956206e-01 1.751824817518248256e-01 6.569343065693430961e-02 6.569343065693430961e-02 0.000000000000000000e+00
2.500000000000000000e+00 1.390000000000000000e+02 0.000000000000000000e+00 1.438848920863309427e-02 8.633093525179856564e-02 1.582733812949640162e-01 1.366906474820143991e-01 1.510791366906474864e-01 1.654676258992805737e-01 1.582733812949640162e-01 9.352517985611510931e-02 3.597122302158273222e-02
2.500000000000000000e+00 2.500000000000000000e+02 0.000000000000000000e+00 4.000000000000000083e-03 1.079999999999999988e-01 5.600000000000000117e-02 1.320000000000000062e-01 2.320000000000000118e-01 2.359999999999999876e-01 1.400000000000000133e-01 6.800000000000000488e-02 2.400000000000000050e-02
2.500000000000000000e+00 7.600000000000000000e+01 0.000000000000000000e+00 1.315789473684210453e-02 1.447368421052631637e-01 1.447368421052631637e-01 1.842105263157894635e-01 1.842105263157894635e-01 1.842105263157894635e-01 6.578947368421052266e-02 7.894736842105262720e-02 0.000000000000000000e+00
2.500000000000000000e+00 9.100000000000000000e+01 0.000000000000000000e+00 2.197802197802197974e-02 0.000000000000000000e+00 8.791208791208791895e-02 1.318681318681318715e-01 2.417582417582417598e-01 1.978021978021977934e-01 2.087912087912087988e-01 5.494505494505494414e-02 5.494505494505494414e-02
2.500000000000000000e+00 4.500000000000000000e+01 0.000000000000000000e+00 4.444444444444444614e-02 4.444444444444444614e-02 6.666666666666666574e-02 1.333333333333333315e-01 4.444444444444444198e-01 1.111111111111111049e-01 6.666666666666666574e-02 4.444444444444444614e-02 4.444444444444444614e-02
2.500000000000000000e+00 1.980000000000000000e+02 5.050505050505050934e-03 3.030303030303030387e-02 6.565656565656566301e-02 8.585858585858585634e-02 1.616161616161616299e-01 2.121212121212121271e-01 1.919191919191919060e-01 8.585858585858585634e-02 1.363636363636363535e-01 2.525252525252525207e-02
2.500000000000000000e+00 6.400000000000000000e+01 1.562500000000000000e-02 1.562500000000000000e-01 9.375000000000000000e-02 1.562500000000000000e-01 2.656250000000000000e-01 1.718750000000000000e-01 6.250000000000000000e-02 3.125000000000000000e-02 4.687500000000000000e-02 0.000000000000000000e+00
2.500000000000000000e+00 2.940000000000000000e+02 3.401360544217686948e-03 4.081632653061224164e-02 5.442176870748299117e-02 9.863945578231292366e-02 1.836734693877551117e-01 2.176870748299319647e-01 2.108843537414966107e-01 1.360544217687074953e-01 4.761904761904761640e-02 6.802721088435373896e-03
2.500000000000000000e+00 2.020000000000000000e+02 4.950495049504950555e-03 5.445544554455445524e-02 9.900990099009901457e-02 6.930693069306931298e-02 1.287128712871287162e-01 8.910891089108910479e-02 1.683168316831683275e-01 1.683168316831683275e-01 1.287128712871287162e-01 8.910891089108910479e-02
2.500000000000000000e+00 1.400000000000000000e+02 0.000000000000000000e+00 1.428571428571428527e-02 7.142857142857142461e-02 1.785714285714285754e-01 1.571428571428571397e-01 2.000000000000000111e-01 9.285714285714286031e-02 1.142857142857142821e-01 1.357142857142857040e-01 3.571428571428571230e-02
2.500000000000000000e+00 1.490000000000000000e+02 0.000000000000000000e+00 2.684563758389261687e-02 1.677852348993288667e-01 8.724832214765100569e-02 8.724832214765100569e-02 1.543624161073825496e-01 2.013422818791946178e-01 1.275167785234899431e-01 8.053691275167784713e-02 6.711409395973154390e-02
2.500000000000000000e+00 1.250000000000000000e+02 0.000000000000000000e+00 2.400000000000000050e-02 1.680000000000000104e-01 9.600000000000000200e-02 1.280000000000000027e-01 1.039999999999999952e-01 1.519999999999999962e-01 1.280000000000000027e-01 8.799999999999999489e-02 1.120000000000000023e-01
2.500000000000000000e+00 1.500000000000000000e+02 0.000000000000000000e+00 2.000000000000000042e-02 6.666666666666666574e-02 1.000000000000000056e-01 1.000000000000000056e-01 2.399999999999999911e-01 1.799999999999999933e-01 1.600000000000000033e-01 1.000000000000000056e-01 3.333333333333333287e-02
2.500000000000000000e+00 2.070000000000000000e+02 4.830917874396135035e-03 5.314009661835748799e-02 1.449275362318840597e-02 7.246376811594203160e-02 1.304347826086956486e-01 1.352657004830917775e-01 2.222222222222222099e-01 1.739130434782608647e-01 1.497584541062801922e-01 4.347826086956521618e-02
2.500000000000000000e+00 2.800000000000000000e+01 0.000000000000000000e+00 3.571428571428571230e-02 0.000000000000000000e+00 7.142857142857142461e-02 1.428571428571428492e-01 7.142857142857142461e-02 1.071428571428571369e-01 2.857142857142856984e-01 2.500000000000000000e-01 3.571428571428571230e-02
2.500000000000000000e+00 1.610000000000000000e+02 0.000000000000000000e+00 1.242236024844720413e-02 8.695652173913043237e-02 1.614906832298136641e-01 6.832298136645963138e-02 1.490683229813664634e-01 1.801242236024844789e-01 1.677018633540372783e-01 1.180124223602484479e-01 5.590062111801242378e-02
2.500000000000000000e+00 1.200000000000000000e+02 1.083333333333333370e-01 3.333333333333333287e-02 7.499999999999999722e-02 2.000000000000000111e-01 7.499999999999999722e-02 6.666666666666666574e-02 1.333333333333333315e-01 1.333333333333333315e-01 4.166666666666666435e-02 1.333333333333333315e-01
2.500000000000000000e+00 2.650000000000000000e+02 0.000000000000000000e+00 7.547169811320754776e-03 1.735849056603773477e-01 7.924528301886792081e-02 9.056603773584905037e-02 1.547169811320754651e-01 1.547169811320754651e-01 1.358490566037735825e-01 1.433962264150943355e-01 6.037735849056603821e-02
2.500000000000000000e+00 2.090000000000000000e+02 0.000000000000000000e+00 1.913875598086124327e-02 6.220095693779904150e-02 1.244019138755980830e-01 1.435406698564593297e-01 2.009569377990430561e-01 1.339712918660287133e-01 1.483253588516746380e-01 1.244019138755980830e-01 4.306220095693780170e-02
2.500000000000000000e+00 7.100000000000000000e+01 0.000000000000000000e+00 0.000000000000000000e+00 0.000000000000000000e+00 1.408450704225352179e-01 1.549295774647887203e-01 2.112676056338028130e-01 1.971830985915492829e-01 1.971830985915492829e-01 7.042253521126760896e-02 2.816901408450704289e-02
2.500000000000000000e+00 8.900000000000000000e+01 0.000000000000000000e+00 0.000000000000000000e+00 1.460674157303370746e-01 5.617977528089887485e-02 1.685393258426966245e-01 2.471910112359550493e-01 1.910112359550561745e-01 1.235955056179775247e-01 4.494382022471909988e-02 2.247191011235954994e-02
2.500000000000000000e+00 1.320000000000000000e+02 0.000000000000000000e+00 3.030303030303030387e-02 1.363636363636363535e-01 1.363636363636363535e-01 2.196969696969696961e-01 2.045454545454545581e-01 1.590909090909090884e-01 7.575757575757575968e-02 2.272727272727272790e-02 1.515151515151515194e-02
2.500000000000000000e+00 1.030000000000000000e+02 0.000000000000000000e+00 1.941747572815533812e-02 1.262135922330097082e-01 1.262135922330097082e-01 1.844660194174757295e-01 6.796116504854368690e-02 1.262135922330097082e-01 1.456310679611650394e-01 1.359223300970873738e-01 6.796116504854368690e-02
2.500000000000000000e+00 5.400000000000000000e+01 0.000000000000000000e+00 3.703703703703703498e-02 9.259259259259258745e-02 3.703703703703703498e-02 1.851851851851851749e-01 1.296296296296296224e-01 2.407407407407407274e-01 2.592592592592592449e-01 0.000000000000000000e+00 1.851851851851851749e-02
2.500000000000000000e+00 1.940000000000000000e+02 0.000000000000000000e+00 2.577319587628865843e-02 1.082474226804123751e-01 1.752577319587628746e-01 1.855670103092783574e-01 2.010309278350515538e-01 1.443298969072164817e-01 1.030927835051546337e-01 5.154639175257731687e-02 5.154639175257731860e-03
4.500000000000000000e+00 9.000000000000000000e+01 0.000000000000000000e+00 3.333333333333333287e-02 1.888888888888888840e-01 1.777777777777777846e-01 1.000000000000000056e-01 2.333333333333333370e-01 1.000000000000000056e-01 6.666666666666666574e-02 8.888888888888889228e-02 1.111111111111111154e-02
4.500000000000000000e+00 1.150000000000000000e+02 0.000000000000000000e+00 8.695652173913043584e-03 6.086956521739130682e-02 1.565217391304347949e-01 1.826086956521739135e-01 1.565217391304347949e-01 1.130434782608695649e-01 1.304347826086956486e-01 1.391304347826086973e-01 5.217391304347825803e-02
4.500000000000000000e+00 1.180000000000000000e+02 0.000000000000000000e+00 8.474576271186440649e-03 5.932203389830508627e-02 1.016949152542372947e-01 1.101694915254237267e-01 1.949152542372881436e-01 2.203389830508474534e-01 1.779661016949152519e-01 1.186440677966101725e-01 8.474576271186440649e-03
4.500000000000000000e+00 7.100000000000000000e+01 0.000000000000000000e+00 2.816901408450704289e-02 4.225352112676056260e-02 2.816901408450704289e-02 1.830985915492957805e-01 2.394366197183098455e-01 2.816901408450704358e-01 9.859154929577464144e-02 9.859154929577464144e-02 0.000000000000000000e+00
4.500000000000000000e+00 6.600000000000000000e+01 0.000000000000000000e+00 4.545454545454545581e-02 6.060606060606060774e-02 1.363636363636363535e-01 1.060606060606060635e-01 1.666666666666666574e-01 2.878787878787879007e-01 1.212121212121212155e-01 7.575757575757575968e-02 0.000000000000000000e+00
4.500000000000000000e+00 6.700000000000000000e+01 0.000000000000000000e+00 7.462686567164178442e-02 1.044776119402985037e-01 1.343283582089552231e-01 1.194029850746268634e-01 1.044776119402985037e-01 2.388059701492537268e-01 1.492537313432835688e-01 5.970149253731343170e-02 1.492537313432835792e-02
4.500000000000000000e+00 4.900000000000000000e+01 0.000000000000000000e+00 2.040816326530612082e-02 1.836734693877551117e-01 6.122448979591836593e-02 1.428571428571428492e-01 1.428571428571428492e-01 1.632653061224489666e-01 1.428571428571428492e-01 1.428571428571428492e-01 0.000000000000000000e+00
4.500000000000000000e+00 5.200000000000000000e+01 1.923076923076923184e-02 7.692307692307692735e-02 2.692307692307692180e-01 7.692307692307692735e-02 2.115384615384615363e-01 5.769230769230769551e-02 1.538461538461538547e-01 1.153846153846153910e-01 1.923076923076923184e-02 0.000000000000000000e+00
4.500000000000000000e+00 9.500000000000000000e+01 0.000000000000000000e+00 2.105263157894736795e-02 2.421052631578947401e-01 1.578947368421052544e-01 1.263157894736842146e-01 1.263157894736842146e-01 1.789473684210526327e-01 1.473684210526315652e-01 0.000000000000000000e+00 0.000000000000000000e+00
4.500000000000000000e+00 8.800000000000000000e+01 0.000000000000000000e+00 1.136363636363636395e-02 3.409090909090908839e-02 1.022727272727272790e-01 2.954545454545454697e-01 1.704545454545454419e-01 1.363636363636363535e-01 1.477272727272727348e-01 7.954545454545454419e-02 2.272727272727272790e-02
4.500000000000000000e+00 1.390000000000000000e+02 0.000000000000000000e+00 2.158273381294964141e-02 8.633093525179856564e-02 2.086330935251798635e-01 2.086330935251798635e-01 2.014388489208633060e-01 7.194244604316546443e-02 9.352517985611510931e-02 1.007194244604316530e-01 7.194244604316547137e-03
4.500000000000000000e+00 6.200000000000000000e+01 0.000000000000000000e+00 1.612903225806451568e-02 9.677419354838709409e-02 1.451612903225806550e-01 1.774193548387096864e-01 2.419354838709677491e-01 1.129032258064516098e-01 1.451612903225806550e-01 6.451612903225806273e-02 0.000000000000000000e+00
4.500000000000000000e+00 1.120000000000000000e+02 0.000000000000000000e+00 3.571428571428571230e-02 8.928571428571428770e-02 1.339285714285714246e-01 1.875000000000000000e-01 1.875000000000000000e-01 1.875000000000000000e-01 1.250000000000000000e-01 5.357142857142856845e-02 0.000000000000000000e+00
4.500000000000000000e+00 1.430000000000000000e+02 0.000000000000000000e+00 3.496503496503496761e-02 6.293706293706294308e-02 7.692307692307692735e-02 2.167832167832167700e-01 1.888111888111888015e-01 3.426573426573426562e-01 6.293706293706294308e-02 1.398601398601398600e-02 0.000000000000000000e+00
4.500000000000000000e+00 1.330000000000000000e+02 0.000000000000000000e+00 2.255639097744360777e-02 9.774436090225563367e-02 6.766917293233082331e-02 2.481203007518796855e-01 9.774436090225563367e-02 3.157894736842105088e-01 7.518796992481202590e-02 5.263157894736841813e-02 2.255639097744360777e-02
4.500000000000000000e+00 1.480000000000000000e+02 6.756756756756757132e-03 9.459459459459459985e-02 1.081081081081081141e-01 9.459459459459459985e-02 1.824324324324324287e-01 1.486486486486486569e-01 1.486486486486486569e-01 1.081081081081081141e-01 7.432432432432432845e-02 3.378378378378378566e-02
4.500000000000000000e+00 6.200000000000000000e+01 4.838709677419354704e-02 0.000000000000000000e+00 1.774193548387096864e-01 1.612903225806451568e-01 1.129032258064516098e-01 1.612903225806451568e-01 6.451612903225806273e-02 1.451612903225806550e-01 1.129032258064516098e-01 1.612903225806451568e-02
4.500000000000000000e+00 1.010000000000000000e+02 0.000000000000000000e+00 0.000000000000000000e+00 9.900990099009901110e-03 1.287128712871287162e-01 8.910891089108910479e-02 2.673267326732673421e-01 2.079207920792079112e-01 1.881188118811881194e-01 9.900990099009901457e-02 9.900990099009901110e-03
4.500000000000000000e+00 2.460000000000000000e+02 0.000000000000000000e+00 1.626016260162601798e-02 4.065040650406503975e-02 6.097560975609755962e-02 1.260162601626016177e-01 1.707317073170731836e-01 2.276422764227642170e-01 1.910569105691057035e-01 1.219512195121951192e-01 4.471544715447154511e-02
4.500000000000000000e+00 7.300000000000000000e+01 0.000000000000000000e+00 2.739726027397260122e-02 1.369863013698630061e-01 1.917808219178082085e-01 1.780821917808219079e-01 1.643835616438356073e-01 1.369863013698630061e-01 1.369863013698630061e-01 1.369863013698630061e-02 1.369863013698630061e-02
4.500000000000000000e+00 1.810000000000000000e+02 5.524861878453038444e-03 1.657458563535911533e-02 7.182320441988949977e-02 1.215469613259668458e-01 2.430939226519336915e-01 1.933701657458563594e-01 1.270718232044198981e-01 9.944751381215469199e-02 9.944751381215469199e-02 2.209944751381215378e-02
4.500000000000000000e+00 9.300000000000000000e+01 0.000000000000000000e+00 0.000000000000000000e+00 1.075268817204301161e-02 1.505376344086021556e-01 1.505376344086021556e-01 3.010752688172043112e-01 1.397849462365591267e-01 1.612903225806451568e-01 8.602150537634409289e-02 0.000000000000000000e+00
4.500000000000000000e+00 1.270000000000000000e+02 0.000000000000000000e+00 7.874015748031495954e-03 8.661417322834645549e-02 1.417322834645669272e-01 1.968503937007874127e-01 2.204724409448818867e-01 1.811023622047244208e-01 1.181102362204724393e-01 3.937007874015747977e-02 7.874015748031495954e-03
4.500000000000000000e+00 1.240000000000000000e+02 0.000000000000000000e+00 1.612903225806451568e-02 1.451612903225806550e-01 1.532258064516129059e-01 1.935483870967741882e-01 1.693548387096774077e-01 1.129032258064516098e-01 1.209677419354838745e-01 8.064516129032257841e-02 8.064516129032257841e-03
4.500000000000000000e+00 1.440000000000000000e+02 0.000000000000000000e+00 5.555555555555555247e-02 2.083333333333333218e-02 8.333333333333332871e-02 1.319444444444444475e-01 1.180555555555555525e-01 2.361111111111111049e-01 1.527777777777777901e-01 1.458333333333333426e-01 5.555555555555555247e-02
4.500000000000000000e+00 1.450000000000000000e+02 0.000000000000000000e+00 0.000000000000000000e+00 6.206896551724137845e-02 9.655172413793103314e-02 1.448275862068965636e-01 3.034482758620689613e-01 1.379310344827586188e-01 1.724137931034482873e-01 6.206896551724137845e-02 2.068965517241379282e-02
7.000000000000000000e+00 1.020000000000000000e+02 0.000000000000000000e+00 0.000000000000000000e+00 8.823529411764706454e-02 5.882352941176470507e-02 2.450980392156862642e-01 1.176470588235294101e-01 2.254901960784313764e-01 1.176470588235294101e-01 1.176470588235294101e-01 2.941176470588235253e-02
7.000000000000000000e+00 4.150000000000000000e+02 0.000000000000000000e+00 0.000000000000000000e+00 3.132530120481927943e-02 1.060240963855421659e-01 1.421686746987951833e-01 1.614457831325301074e-01 2.457831325301204906e-01 1.927710843373494076e-01 8.915662650602410033e-02 3.132530120481927943e-02
7.000000000000000000e+00 9.300000000000000000e+01 0.000000000000000000e+00 0.000000000000000000e+00 6.451612903225806273e-02 8.602150537634409289e-02 1.612903225806451568e-01 1.720430107526881858e-01 2.258064516129032195e-01 1.505376344086021556e-01 1.182795698924731242e-01 2.150537634408602322e-02
7.000000000000000000e+00 1.110000000000000000e+02 0.000000000000000000e+00 0.000000000000000000e+00 7.207207207207207145e-02 9.009009009009008584e-02 1.441441441441441429e-01 1.981981981981981999e-01 2.432432432432432567e-01 1.351351351351351426e-01 9.009009009009008584e-02 2.702702702702702853e-02
7.000000000000000000e+00 9.900000000000000000e+01 0.000000000000000000e+00 2.020202020202020374e-02 1.313131313131313260e-01 5.050505050505050414e-02 2.525252525252525415e-01 2.121212121212121271e-01 1.010101010101010083e-01 1.111111111111111049e-01 1.010101010101010083e-01 2.020202020202020374e-02
7.000000000000000000e+00 5.200000000000000000e+01 0.000000000000000000e+00 0.000000000000000000e+00 1.153846153846153910e-01 1.730769230769230727e-01 1.923076923076923184e-01 2.307692307692307820e-01 1.730769230769230727e-01 9.615384615384615918e-02 1.923076923076923184e-02 0.000000000000000000e+00
7.000000000000000000e+00 1.090000000000000000e+02 9.174311926605505096e-03 1.834862385321101019e-02 5.504587155963303058e-02 1.192660550458715663e-01 1.192660550458715663e-01 2.568807339449541427e-01 1.651376146788990917e-01 1.559633027522935866e-01 9.174311926605505096e-02 9.174311926605505096e-03
7.000000000000000000e+00 1.370000000000000000e+02 7.299270072992700489e-03 1.459854014598540098e-02 6.569343065693430961e-02 2.189781021897810320e-01 1.751824817518248256e-01 2.554744525547445466e-01 1.313868613138686192e-01 6.569343065693430961e-02 5.109489051094890516e-02 1.459854014598540098e-02
7.000000000000000000e+00 1.420000000000000000e+02 0.000000000000000000e+00 7.042253521126760722e-03 2.816901408450704289e-02 2.112676056338028130e-01 1.549295774647887203e-01 2.042253521126760618e-01 1.830985915492957805e-01 1.126760563380281716e-01 4.929577464788732072e-02 4.929577464788732072e-02
7.000000000000000000e+00 1.440000000000000000e+02 6.944444444444444059e-03 1.388888888888888812e-02 7.638888888888889506e-02 9.027777777777777624e-02 2.013888888888888951e-01 1.875000000000000000e-01 1.944444444444444475e-01 1.250000000000000000e-01 7.638888888888889506e-02 2.777777777777777624e-02
7.000000000000000000e+00 1.250000000000000000e+02 0.000000000000000000e+00 8.000000000000000167e-03 7.199999999999999456e-02 1.839999999999999969e-01 1.600000000000000033e-01 2.000000000000000111e-01 1.519999999999999962e-01 1.360000000000000098e-01 5.600000000000000117e-02 3.200000000000000067e-02
7.000000000000000000e+00 1.530000000000000000e+02 0.000000000000000000e+00 1.960784313725490169e-02 1.372549019607843257e-01 7.843137254901960675e-02 1.764705882352941291e-01 2.875816993464052063e-01 1.503267973856209083e-01 9.150326797385620325e-02 5.228758169934640682e-02 6.535947712418300852e-03
7.000000000000000000e+00 1.520000000000000000e+02 0.000000000000000000e+00 6.578947368421052266e-03 1.973684210526315819e-01 2.500000000000000000e-01 1.118421052631578955e-01 1.907894736842105365e-01 8.552631578947368640e-02 5.263157894736841813e-02 6.578947368421052266e-02 3.947368421052631360e-02
7.000000000000000000e+00 8.300000000000000000e+01 0.000000000000000000e+00 2.409638554216867595e-02 2.409638554216867595e-02 7.228915662650602092e-02 1.204819277108433728e-01 2.048192771084337283e-01 2.289156626506023973e-01 9.638554216867470381e-02 1.566265060240963902e-01 7.228915662650602092e-02
7.000000000000000000e+00 1.750000000000000000e+02 2.285714285714285712e-02 6.285714285714286143e-02 1.314285714285714224e-01 1.142857142857142821e-01 1.657142857142857029e-01 1.600000000000000033e-01 1.485714285714285765e-01 1.199999999999999956e-01 4.000000000000000083e-02 3.428571428571428742e-02
7.000000000000000000e+00 1.160000000000000000e+02 4.310344827586207184e-02 1.379310344827586188e-01 1.810344827586206906e-01 1.206896551724137984e-01 1.637931034482758563e-01 1.206896551724137984e-01 6.034482758620689918e-02 1.120689655172413812e-01 6.034482758620689918e-02 0.000000000000000000e+00
7.000000000000000000e+00 1.870000000000000000e+02 1.069518716577540045e-02 6.417112299465241310e-02 7.486631016042780140e-02 1.069518716577540079e-01 2.352941176470588203e-01 2.459893048128342363e-01 1.016042780748663138e-01 4.812834224598930288e-02 7.486631016042780140e-02 3.743315508021390070e-02
7.000000000000000000e+00 1.630000000000000000e+02 0.000000000000000000e+00 1.840490797546012400e-02 1.901840490797546135e-01 1.472392638036809920e-01 1.472392638036809920e-01 3.374233128834355777e-01 8.588957055214724301e-02 6.748466257668711554e-02 6.134969325153374377e-03 0.000000000000000000e+00
7.000000000000000000e+00 2.620000000000000000e+02 7.633587786259541687e-03 7.251908396946564472e-02 1.641221374045801484e-01 1.335877862595419852e-01 1.984732824427480891e-01 1.526717557251908441e-01 1.603053435114503711e-01 4.198473282442748145e-02 6.870229007633588125e-02 0.000000000000000000e+00
7.000000000000000000e+00 1.720000000000000000e+02 1.744186046511627883e-02 4.651162790697674354e-02 1.220930232558139483e-01 1.162790697674418589e-01 2.383720930232558211e-01 3.139534883720930258e-01 9.883720930232557655e-02 1.744186046511627883e-02 2.906976744186046471e-02 0.000000000000000000e+00
7.000000000000000000e+00 2.740000000000000000e+02 0.000000000000000000e+00 2.189781021897810320e-02 4.379562043795620641e-02 8.029197080291970712e-02 1.240875912408759135e-01 2.080291970802919665e-01 2.554744525547445466e-01 1.496350364963503765e-01 8.029197080291970712e-02 3.649635036496350071e-02
7.000000000000000000e+00 5.720000000000000000e+02 1.748251748251748250e-03 2.447552447552447594e-02 6.468531468531468764e-02 1.433566433566433596e-01 1.573426573426573438e-01 1.660839160839160944e-01 1.975524475524475521e-01 1.223776223776223832e-01 9.440559440559440074e-02 2.797202797202797200e-02
7.000000000000000000e+00 1.410000000000000000e+02 0.000000000000000000e+00 2.836879432624113406e-02 5.673758865248226813e-02 1.276595744680850963e-01 1.985815602836879523e-01 1.914893617021276584e-01 2.056737588652482185e-01 9.219858156028368223e-02 7.092198581560284210e-02 2.836879432624113406e-02
7.000000000000000000e+00 1.180000000000000000e+02 0.000000000000000000e+00 4.237288135593220151e-02 3.389830508474576259e-02 1.101694915254237267e-01 1.186440677966101725e-01 2.372881355932203451e-01 1.271186440677966045e-01 2.033898305084745894e-01 1.016949152542372947e-01 2.542372881355932368e-02
7.000000000000000000e+00 1.010000000000000000e+02 0.000000000000000000e+00 5.940594059405940319e-02 5.940594059405940319e-02 1.188118811881188064e-01 9.900990099009901457e-02 1.188118811881188064e-01 2.772277227722772519e-01 1.287128712871287162e-01 1.287128712871287162e-01 9.900990099009901110e-03
7.000000000000000000e+00 1.360000000000000000e+02 0.000000000000000000e+00 2.205882352941176613e-02 2.941176470588235253e-02 1.250000000000000000e-01 1.691176470588235392e-01 2.205882352941176405e-01 1.250000000000000000e-01 1.176470588235294101e-01 1.397058823529411797e-01 5.147058823529411520e-02
7.000000000000000000e+00 1.500000000000000000e+02 0.000000000000000000e+00 5.999999999999999778e-02 5.999999999999999778e-02 1.533333333333333215e-01 1.466666666666666674e-01 2.200000000000000011e-01 1.666666666666666574e-01 1.066666666666666735e-01 5.999999999999999778e-02 2.666666666666666838e-02
7.000000000000000000e+00 1.200000000000000000e+02 0.000000000000000000e+00 8.333333333333333218e-03 3.333333333333333287e-02 1.083333333333333370e-01 1.666666666666666574e-01 1.250000000000000000e-01 1.583333333333333259e-01 2.166666666666666741e-01 1.499999999999999944e-01 3.333333333333333287e-02
7.000000000000000000e+00 1.320000000000000000e+02 0.000000000000000000e+00 3.787878787878787984e-02 6.060606060606060774e-02 1.742424242424242542e-01 1.969696969696969613e-01 1.212121212121212155e-01 1.742424242424242542e-01 1.590909090909090884e-01 6.060606060606060774e-02 1.515151515151515194e-02
9.500000000000000000e+00 5.280000000000000000e+02 0.000000000000000000e+00 1.325757575757575794e-02 5.113636363636363952e-02 1.439393939393939503e-01 1.723484848484848619e-01 1.875000000000000000e-01 1.931818181818181768e-01 1.477272727272727348e-01 8.522727272727272096e-02 5.681818181818181976e-03
9.500000000000000000e+00 1.770000000000000000e+02 0.000000000000000000e+00 1.129943502824858753e-02 6.214689265536723489e-02 1.186440677966101725e-01 1.638418079096045088e-01 2.203389830508474534e-01 1.751412429378531033e-01 1.581920903954802393e-01 6.779661016949152519e-02 2.259887005649717506e-02
9.500000000000000000e+00 3.590000000000000000e+02 0.000000000000000000e+00 2.785515320334261760e-02 4.456824512534818955e-02 1.114206128133704704e-01 2.339832869080779865e-01 1.922005571030640791e-01 1.532033426183843916e-01 1.448467966573816212e-01 6.406685236768802638e-02 2.785515320334261760e-02
9.500000000000000000e+00 4.900000000000000000e+01 0.000000000000000000e+00 0.000000000000000000e+00 8.163265306122448328e-02 1.632653061224489666e-01 2.040816326530612290e-01 1.632653061224489666e-01 1.224489795918367319e-01 1.632653061224489666e-01 6.122448979591836593e-02 4.081632653061224164e-02
9.500000000000000000e+00 2.470000000000000000e+02 0.000000000000000000e+00 4.048582995951417046e-03 8.906882591093116808e-02 1.457489878542509998e-01 2.024291497975708454e-01 2.105263157894736725e-01 1.700404858299595090e-01 5.668016194331983865e-02 1.012145748987854227e-01 2.024291497975708523e-02
9.500000000000000000e+00 1.140000000000000000e+02 0.000000000000000000e+00 0.000000000000000000e+00 2.631578947368420907e-02 8.771929824561403022e-02 1.578947368421052544e-01 2.192982456140350755e-01 2.105263157894736725e-01 2.105263157894736725e-01 8.771929824561403022e-02 0.000000000000000000e+00
9.500000000000000000e+00 3.330000000000000000e+02 0.000000000000000000e+00 9.009009009009008931e-03 3.903903903903904044e-02 1.351351351351351426e-01 1.801801801801801717e-01 1.771771771771771808e-01 2.042042042042042094e-01 1.561561561561561617e-01 7.807807807807808087e-02 2.102102102102102257e-02
9.500000000000000000e+00 2.010000000000000000e+02 0.000000000000000000e+00 9.950248756218905283e-03 5.970149253731343170e-02 1.343283582089552231e-01 2.089552238805970075e-01 2.487562189054726425e-01 1.094527363184079616e-01 1.691542288557214002e-01 5.970149253731343170e-02 0.000000000000000000e+00
9.500000000000000000e+00 2.150000000000000000e+02 0.000000000000000000e+00 0.000000000000000000e+00 2.325581395348837177e-02 4.651162790697674354e-02 2.697674418604651403e-01 1.581395348837209280e-01 2.790697674418604612e-01 1.255813953488372214e-01 9.302325581395348708e-02 4.651162790697674354e-03
9.500000000000000000e+00 5.220000000000000000e+02 0.000000000000000000e+00 1.724137931034482735e-02 7.662835249042145025e-02 1.494252873563218509e-01 1.992337164750957734e-01 1.915708812260536464e-01 1.896551724137930939e-01 1.111111111111111049e-01 5.363984674329502073e-02 1.149425287356321823e-02
9.500000000000000000e+00 2.110000000000000000e+02 0.000000000000000000e+00 2.843601895734597026e-02 6.161137440758293615e-02 1.327014218009478774e-01 1.990521327014218023e-01 2.369668246445497672e-01 1.753554502369668311e-01 9.478672985781989857e-02 5.213270142180094491e-02 1.895734597156398249e-02
9.500000000000000000e+00 1.270000000000000000e+02 0.000000000000000000e+00 3.149606299212598381e-02 7.086614173228346358e-02 3.937007874015747977e-02 1.889763779527559029e-01 2.047244094488188948e-01 1.653543307086614289e-01 1.417322834645669272e-01 1.102362204724409434e-01 4.724409448818897572e-02
9.500000000000000000e+00 1.670000000000000000e+02 0.000000000000000000e+00 3.592814371257484901e-02 7.784431137724551197e-02 1.736526946107784519e-01 1.976047904191616800e-01 2.155688622754491079e-01 1.856287425149700521e-01 7.784431137724551197e-02 2.994011976047904200e-02 5.988023952095808747e-03
9.500000000000000000e+00 1.600000000000000000e+02 0.000000000000000000e+00 6.250000000000000347e-03 1.125000000000000028e-01 1.375000000000000111e-01 1.812499999999999944e-01 1.875000000000000000e-01 2.000000000000000111e-01 1.000000000000000056e-01 4.374999999999999722e-02 3.125000000000000000e-02
9.500000000000000000e+00 1.250000000000000000e+02 0.000000000000000000e+00 2.400000000000000050e-02 6.400000000000000133e-02 6.400000000000000133e-02 1.519999999999999962e-01 2.000000000000000111e-01 2.159999999999999976e-01 2.000000000000000111e-01 6.400000000000000133e-02 1.600000000000000033e-02
9.500000000000000000e+00 1.110000000000000000e+02 1.801801801801801786e-02 3.603603603603603572e-02 1.711711711711711714e-01 9.009009009009008584e-02 1.891891891891891997e-01 2.252252252252252285e-01 9.909909909909909997e-02 9.909909909909909997e-02 4.504504504504504292e-02 2.702702702702702853e-02
9.500000000000000000e+00 1.940000000000000000e+02 0.000000000000000000e+00 5.154639175257731860e-03 4.123711340206185488e-02 1.855670103092783574e-01 1.804123711340206160e-01 2.319587628865979467e-01 2.268041237113402053e-01 8.762886597938143729e-02 3.092783505154639290e-02 1.030927835051546372e-02
9.500000000000000000e+00 2.480000000000000000e+02 4.032258064516128920e-03 1.612903225806451568e-02 4.435483870967742159e-02 1.491935483870967805e-01 2.056451612903225923e-01 2.459677419354838745e-01 1.532258064516129059e-01 1.088709677419354843e-01 6.048387096774193727e-02 1.209677419354838676e-02
9.500000000000000000e+00 2.050000000000000000e+02 4.878048780487804874e-03 6.341463414634146423e-02 5.853658536585366196e-02 1.121951219512195147e-01 1.317073170731707377e-01 3.512195121951219301e-01 1.170731707317073239e-01 8.292682926829268719e-02 6.829268292682927344e-02 9.756097560975609748e-03
