1.000000000000000000e+00 6.075596144089294437e-02 0.000000000000000000e+00 4.175365344467640502e-03 3.549060542797494860e-02 1.607515657620041671e-01 2.108559498956158740e-01 1.753653444676409323e-01 1.106471816283924881e-01 1.002087682672233859e-01 2.922755741127348525e-02 1.732776617954071008e-01
1.000000000000000000e+00 3.881278538812785173e-02 0.000000000000000000e+00 0.000000000000000000e+00 3.267973856209150513e-02 1.045751633986928136e-01 1.862745098039215730e-01 1.862745098039215730e-01 1.993464052287581834e-01 2.026143790849673221e-01 2.614379084967320341e-02 6.209150326797385766e-02
1.000000000000000000e+00 4.312531709791983525e-02 0.000000000000000000e+00 8.823529411764706454e-02 5.294117647058823456e-02 1.735294117647058765e-01 1.264705882352941124e-01 1.617647058823529493e-01 1.029411764705882304e-01 1.382352941176470673e-01 2.941176470588235253e-02 1.264705882352941124e-01
1.000000000000000000e+00 9.259259259259258745e-03 1.369863013698630061e-02 2.739726027397260122e-02 1.643835616438356073e-01 2.191780821917808098e-01 1.506849315068493067e-01 1.917808219178082085e-01 9.589041095890410427e-02 6.849315068493150305e-02 1.369863013698630061e-02 5.479452054794520244e-02
1.000000000000000000e+00 8.878741755454083728e-03 0.000000000000000000e+00 1.428571428571428527e-02 4.285714285714285754e-02 1.571428571428571397e-01 3.142857142857142794e-01 2.428571428571428548e-01 4.285714285714285754e-02 8.571428571428571508e-02 1.428571428571428527e-02 8.571428571428571508e-02
1.000000000000000000e+00 4.616945712836123539e-02 2.747252747252747467e-03 3.296703296703296787e-02 8.516483516483516758e-02 1.593406593406593297e-01 1.923076923076923184e-01 1.565934065934065922e-01 9.615384615384615918e-02 4.395604395604395948e-02 4.945054945054944834e-02 1.813186813186813129e-01
1.000000000000000000e+00 4.071537290715372681e-02 0.000000000000000000e+00 3.426791277258566665e-02 7.165109034267912180e-02 1.370716510903426666e-01 2.461059190031152644e-01 2.118380062305295908e-01 8.411214953271027583e-02 4.984423676012460919e-02 3.738317757009345516e-02 1.277258566978193011e-01
1.000000000000000000e+00 5.720446473871131088e-02 4.434589800443458976e-03 3.547671840354767181e-02 1.197339246119733941e-01 9.756097560975610095e-02 1.064301552106430154e-01 2.727272727272727071e-01 1.219512195121951192e-01 1.840354767184035345e-01 3.325942350332593972e-02 2.439024390243902524e-02
1.000000000000000000e+00 3.424657534246575152e-02 0.000000000000000000e+00 3.703703703703703845e-03 1.222222222222222182e-01 1.962962962962963021e-01 2.259259259259259189e-01 1.814814814814814936e-01 7.407407407407406996e-02 3.333333333333333287e-02 4.814814814814814825e-02 1.148148148148148140e-01
1.000000000000000000e+00 5.365296803652967739e-02 2.364066193853427839e-03 6.146572104018912380e-02 1.182033096926713989e-01 1.229314420803782476e-01 1.182033096926713989e-01 1.867612293144207958e-01 1.583924349881796756e-01 1.158392434988179676e-01 2.836879432624113406e-02 8.747044917257683350e-02
1.000000000000000000e+00 7.407407407407406996e-02 0.000000000000000000e+00 3.253424657534246395e-02 5.993150684931506517e-02 1.763698630136986412e-01 1.883561643835616473e-01 1.934931506849315030e-01 1.404109589041095951e-01 8.904109589041095396e-02 3.082191780821917637e-02 8.904109589041095396e-02
1.000000000000000000e+00 6.785895484525621135e-02 0.000000000000000000e+00 5.607476635514018273e-03 4.859813084112149517e-02 1.682242990654205517e-01 1.794392523364485847e-01 1.626168224299065490e-01 1.214953271028037379e-01 1.383177570093457875e-01 3.738317757009345516e-02 1.383177570093457875e-01
1.000000000000000000e+00 2.727042110603754288e-02 0.000000000000000000e+00 1.860465116279069742e-02 5.581395348837209225e-02 1.348837209302325701e-01 2.232558139534883690e-01 1.906976744186046624e-01 1.023255813953488358e-01 1.069767441860465101e-01 5.581395348837209225e-02 1.116279069767441845e-01
1.000000000000000000e+00 3.221714865550481810e-02 0.000000000000000000e+00 3.937007874015747977e-03 1.338582677165354451e-01 1.299212598425196763e-01 1.181102362204724393e-01 1.614173228346456601e-01 1.417322834645669272e-01 9.842519685039370636e-02 2.362204724409448786e-02 1.889763779527559029e-01
1.000000000000000000e+00 4.629629629629629373e-02 0.000000000000000000e+00 0.000000000000000000e+00 1.643835616438356004e-02 1.013698630136986301e-01 1.863013698630137105e-01 1.890410958904109595e-01 1.342465753424657571e-01 1.863013698630137105e-01 6.301369863013699113e-02 1.232876712328767055e-01
1.000000000000000000e+00 4.071537290715372681e-02 0.000000000000000000e+00 2.492211838006230459e-02 3.426791277258566665e-02 9.968847352024921837e-02 1.464174454828660321e-01 1.651090342679127632e-01 1.495327102803738206e-01 2.149532710280373793e-01 3.426791277258566665e-02 1.308411214953270896e-01
1.000000000000000000e+00 2.853881278538812627e-02 0.000000000000000000e+00 1.333333333333333419e-02 5.777777777777777513e-02 1.422222222222222221e-01 1.688888888888888939e-01 1.466666666666666674e-01 1.511111111111111127e-01 1.288888888888888862e-01 6.222222222222222043e-02 1.288888888888888862e-01
1.000000000000000000e+00 3.285134449518010979e-02 0.000000000000000000e+00 1.544401544401544438e-02 5.791505791505791728e-02 1.274131274131274083e-01 1.814671814671814654e-01 1.467181467181467303e-01 1.389961389961389959e-01 1.467181467181467303e-01 6.177606177606177751e-02 1.235521235521235550e-01
1.000000000000000000e+00 5.669710806697107752e-02 0.000000000000000000e+00 0.000000000000000000e+00 4.697986577181208212e-02 1.454138702460850141e-01 1.633109619686800851e-01 1.767337807606264022e-01 1.163310961968680030e-01 1.476510067114094049e-01 4.026845637583892357e-02 1.633109619686800851e-01
1.000000000000000000e+00 1.192288178589548386e-02 0.000000000000000000e+00 1.063829787234042527e-02 1.276595744680850963e-01 1.170212765957446832e-01 2.127659574468085124e-01 9.574468085106382920e-02 1.489361702127659504e-01 1.063829787234042562e-01 1.063829787234042527e-02 1.702127659574468044e-01
1.000000000000000000e+00 1.217656012176560054e-02 0.000000000000000000e+00 2.083333333333333218e-02 3.125000000000000000e-02 1.562500000000000000e-01 2.083333333333333426e-01 1.666666666666666574e-01 1.354166666666666574e-01 9.375000000000000000e-02 3.125000000000000000e-02 1.562500000000000000e-01
1.000000000000000000e+00 1.382546930492135895e-02 0.000000000000000000e+00 0.000000000000000000e+00 9.174311926605505096e-02 1.100917431192660612e-01 1.743119266055045968e-01 1.651376146788990917e-01 1.743119266055045968e-01 1.376146788990825764e-01 2.752293577981651529e-02 1.192660550458715663e-01
1.000000000000000000e+00 5.657026889903601918e-02 0.000000000000000000e+00 4.484304932735425943e-03 1.188340807174887853e-01 9.865470852017936554e-02 1.636771300448430499e-01 2.713004484304932795e-01 1.008968609865470850e-01 1.547085201793721998e-01 2.914798206278026993e-02 5.829596412556053986e-02
1.000000000000000000e+00 4.959411466260781054e-02 0.000000000000000000e+00 2.557544757033248291e-03 9.718670076726342033e-02 1.406649616368286504e-01 1.815856777493606022e-01 1.815856777493606022e-01 1.534526854219948888e-01 1.176470588235294101e-01 4.347826086956521618e-02 8.184143222506394533e-02
1.000000000000000000e+00 4.705733130390664376e-02 0.000000000000000000e+00 8.086253369272237632e-03 6.469002695417790105e-02 1.159029649595687272e-01 1.401617250673854453e-01 2.345013477088948861e-01 1.347708894878706098e-01 1.590296495956873279e-01 1.886792452830188607e-02 1.239892183288409666e-01
1.000000000000000000e+00 9.512937595129375423e-03 0.000000000000000000e+00 2.666666666666666838e-02 8.000000000000000167e-02 9.333333333333333759e-02 1.866666666666666752e-01 1.466666666666666674e-01 6.666666666666666574e-02 2.266666666666666552e-01 6.666666666666666574e-02 1.066666666666666735e-01
2.500000000000000000e+00 3.480328577604842322e-02 0.000000000000000000e+00 3.105590062111801032e-03 1.118012422360248476e-01 1.583850931677018570e-01 1.614906832298136641e-01 8.695652173913043237e-02 1.211180124223602550e-01 1.335403726708074557e-01 5.590062111801242378e-02 1.677018633540372783e-01
2.500000000000000000e+00 1.124081279723303066e-02 0.000000000000000000e+00 0.000000000000000000e+00 1.057692307692307682e-01 1.730769230769230727e-01 2.500000000000000000e-01 1.538461538461538547e-01 6.730769230769230449e-02 1.923076923076923184e-02 5.769230769230769551e-02 1.730769230769230727e-01
2.500000000000000000e+00 2.993947254647643871e-02 3.610108303249097601e-03 1.083032490974729194e-02 9.747292418772562916e-02 1.083032490974729228e-01 1.913357400722021651e-01 1.985559566787003516e-01 1.588447653429602979e-01 1.191335740072202165e-01 5.054151624548736121e-02 6.137184115523465489e-02
2.500000000000000000e+00 2.161694768698659702e-02 0.000000000000000000e+00 0.000000000000000000e+00 2.500000000000000139e-02 1.449999999999999900e-01 1.600000000000000033e-01 2.300000000000000100e-01 1.499999999999999944e-01 1.150000000000000050e-01 4.000000000000000083e-02 1.350000000000000089e-01
2.500000000000000000e+00 2.939904885430177223e-02 0.000000000000000000e+00 3.676470588235294240e-02 6.250000000000000000e-02 1.433823529411764608e-01 1.323529411764705899e-01 2.352941176470588203e-01 1.948529411764705899e-01 8.823529411764706454e-02 1.838235294117647120e-02 8.823529411764706454e-02
2.500000000000000000e+00 2.950713359273670483e-02 7.326007326007326001e-03 1.098901098901098987e-02 1.172161172161172160e-01 1.282051282051281937e-01 1.941391941391941434e-01 1.245421245421245438e-01 1.318681318681318715e-01 6.227106227106227188e-02 5.860805860805860801e-02 1.648351648351648324e-01
2.500000000000000000e+00 2.842628620838737533e-02 0.000000000000000000e+00 7.604562737642585508e-03 9.885931558935361074e-02 1.673003802281368690e-01 1.977186311787072215e-01 1.596958174904943017e-01 6.844106463878327218e-02 1.216730038022813681e-01 3.802281368821292667e-02 1.406844106463878419e-01
2.500000000000000000e+00 3.069606571552096694e-02 0.000000000000000000e+00 1.408450704225352144e-02 7.394366197183098455e-02 1.338028169014084390e-01 1.549295774647887203e-01 2.112676056338028130e-01 1.373239436619718423e-01 1.619718309859154992e-01 5.633802816901408578e-02 5.633802816901408578e-02
2.500000000000000000e+00 5.090791180285343664e-02 0.000000000000000000e+00 4.246284501061571050e-03 7.006369426751592189e-02 1.273885350318471332e-01 2.356687898089172006e-01 1.677282377919320500e-01 1.252653927813163481e-01 8.280254777070063243e-02 7.643312101910827716e-02 1.104033970276008525e-01
2.500000000000000000e+00 1.480760916558581872e-02 0.000000000000000000e+00 7.299270072992700489e-03 1.532846715328467224e-01 1.313868613138686192e-01 2.335766423357664157e-01 1.605839416058394142e-01 1.021897810218978103e-01 8.029197080291970712e-02 2.189781021897810320e-02 1.094890510948905160e-01
2.500000000000000000e+00 1.880674448767833892e-02 0.000000000000000000e+00 1.149425287356321823e-02 3.448275862068965469e-02 1.609195402298850552e-01 2.068965517241379282e-01 2.068965517241379282e-01 1.436781609195402210e-01 4.597701149425287293e-02 3.448275862068965469e-02 1.551724137931034531e-01
2.500000000000000000e+00 9.295287505404236858e-03 0.000000000000000000e+00 2.325581395348837177e-02 5.813953488372092943e-02 2.093023255813953598e-01 1.744186046511627952e-01 1.162790697674418589e-01 1.627906976744186163e-01 1.162790697674418589e-01 4.651162790697674354e-02 9.302325581395348708e-02
2.500000000000000000e+00 4.961089494163423846e-02 0.000000000000000000e+00 1.525054466230936837e-02 6.100217864923747346e-02 1.220043572984749469e-01 1.590413943355119819e-01 2.004357298474945537e-01 1.437908496732026031e-01 1.568627450980392135e-01 4.139433551198257177e-02 1.002178649237472768e-01
2.500000000000000000e+00 1.340250756593168967e-02 0.000000000000000000e+00 8.870967741935484319e-02 8.064516129032257841e-02 2.096774193548387177e-01 9.677419354838709409e-02 1.129032258064516098e-01 1.451612903225806550e-01 3.225806451612903136e-02 7.258064516129032751e-02 1.612903225806451568e-01
2.500000000000000000e+00 6.582360570687419143e-02 0.000000000000000000e+00 2.134646962233169298e-02 5.418719211822660420e-02 1.527093596059113378e-01 1.789819376026272613e-01 1.691297208538587726e-01 1.264367816091954144e-01 1.346469622331691318e-01 4.105090311986863555e-02 1.215106732348111701e-01
2.500000000000000000e+00 5.198875918720276962e-02 0.000000000000000000e+00 2.494802494802494941e-02 7.068607068607068999e-02 8.523908523908524382e-02 1.351351351351351426e-01 1.850311850311850415e-01 1.268191268191268262e-01 1.185031185031185097e-01 3.950103950103950323e-02 2.141372141372141491e-01
2.500000000000000000e+00 3.242542153047989900e-02 0.000000000000000000e+00 1.333333333333333419e-02 8.333333333333332871e-02 1.333333333333333315e-01 1.333333333333333315e-01 1.700000000000000122e-01 1.199999999999999956e-01 1.700000000000000122e-01 5.000000000000000278e-02 1.266666666666666774e-01
2.500000000000000000e+00 3.350626891482922504e-02 0.000000000000000000e+00 1.290322580645161289e-02 1.096774193548387122e-01 9.677419354838709409e-02 1.806451612903225701e-01 1.709677419354838634e-01 1.419354838709677435e-01 1.580645161290322454e-01 2.580645161290322578e-02 1.032258064516129031e-01
2.500000000000000000e+00 2.939904885430177223e-02 0.000000000000000000e+00 1.102941176470588307e-02 1.360294117647058709e-01 7.720588235294117974e-02 1.213235294117647051e-01 2.095588235294117696e-01 1.654411764705882304e-01 1.727941176470588203e-01 3.308823529411764747e-02 7.352941176470588480e-02
2.500000000000000000e+00 3.642455685257241921e-02 0.000000000000000000e+00 1.186943620178041586e-02 5.044510385756676568e-02 1.008902077151335314e-01 1.869436201780415308e-01 2.344213649851631942e-01 1.394658753709198951e-01 8.308605341246290410e-02 5.637982195845697014e-02 1.364985163204747720e-01
2.500000000000000000e+00 5.252918287937743264e-02 2.057613168724280010e-03 2.263374485596707925e-02 6.584362139917696033e-02 9.670781893004115615e-02 1.687242798353909556e-01 1.954732510288065828e-01 1.913580246913580141e-01 1.316872427983539207e-01 3.909465020576131933e-02 8.641975308641974829e-02
2.500000000000000000e+00 6.809338521400778305e-03 0.000000000000000000e+00 1.587301587301587213e-02 3.174603174603174427e-02 7.936507936507936067e-02 9.523809523809523281e-02 3.492063492063491870e-01 1.746031746031745935e-01 1.746031746031745935e-01 0.000000000000000000e+00 7.936507936507936067e-02
2.500000000000000000e+00 4.290964115866839623e-02 0.000000000000000000e+00 5.037783375314861326e-03 9.068010075566750039e-02 9.571788413098236692e-02 1.561712846347607098e-01 1.838790931989924549e-01 1.687657430730478691e-01 1.612090680100755624e-01 3.274559193954659775e-02 1.057934508816120861e-01
2.500000000000000000e+00 2.777777777777777624e-02 0.000000000000000000e+00 6.614785992217898924e-02 9.338521400778210246e-02 7.392996108949416445e-02 1.167315175097276281e-01 1.984435797665369539e-01 1.750972762645914282e-01 1.556420233463035041e-01 2.334630350194552562e-02 9.727626459143969007e-02
2.500000000000000000e+00 5.955469087764807268e-02 0.000000000000000000e+00 2.359346642468239733e-02 6.715063520871143721e-02 8.529945553539020064e-02 1.578947368421052544e-01 2.395644283121597107e-01 1.215970961887477275e-01 1.197822141560798553e-01 5.989110707803992767e-02 1.252268602540834719e-01
2.500000000000000000e+00 4.777345438824037727e-02 0.000000000000000000e+00 1.131221719457013546e-02 8.597285067873303155e-02 1.266968325791855143e-01 1.312217194570135803e-01 1.923076923076923184e-01 1.108597285067873250e-01 1.606334841628959398e-01 3.619909502262443762e-02 1.447963800904977505e-01
2.500000000000000000e+00 1.469952442715088611e-02 0.000000000000000000e+00 0.000000000000000000e+00 4.411764705882353227e-02 1.250000000000000000e-01 2.279411764705882304e-01 1.985294117647058709e-01 1.250000000000000000e-01 1.102941176470588203e-01 1.470588235294117627e-02 1.544117647058823595e-01
2.500000000000000000e+00 1.999567661046260103e-02 0.000000000000000000e+00 0.000000000000000000e+00 9.189189189189189699e-02 9.729729729729730270e-02 2.432432432432432567e-01 1.675675675675675769e-01 1.243243243243243312e-01 1.459459459459459540e-01 3.243243243243243423e-02 9.729729729729730270e-02
2.500000000000000000e+00 3.112840466926070082e-02 0.000000000000000000e+00 1.736111111111111188e-02 8.680555555555555247e-02 1.666666666666666574e-01 1.631944444444444475e-01 1.076388888888888951e-01 7.638888888888889506e-02 1.597222222222222099e-01 4.513888888888888812e-02 1.770833333333333426e-01
2.500000000000000000e+00 2.096843925637699793e-02 0.000000000000000000e+00 1.546391752577319645e-02 1.494845360824742231e-01 1.082474226804123751e-01 1.082474226804123751e-01 2.371134020618556604e-01 8.762886597938143729e-02 1.649484536082474195e-01 3.092783505154639290e-02 9.793814432989690622e-02
2.500000000000000000e+00 1.156506701253783020e-02 0.000000000000000000e+00 1.869158878504672758e-02 5.607476635514018620e-02 1.121495327102803724e-01 2.336448598130841103e-01 1.682242990654205517e-01 1.775700934579439172e-01 1.028037383177570069e-01 3.738317757009345516e-02 9.345794392523364136e-02
2.500000000000000000e+00 4.226113272805880061e-02 0.000000000000000000e+00 1.534526854219948888e-02 1.048593350383631717e-01 1.687979539641943638e-01 1.278772378516624120e-01 1.611253196930946263e-01 1.202046035805626606e-01 1.432225063938618870e-01 3.324808184143222822e-02 1.253196930946291476e-01
4.500000000000000000e+00 2.960944595821980024e-02 0.000000000000000000e+00 1.840490797546012400e-02 1.595092024539877251e-01 1.226993865030674841e-01 1.717791411042944860e-01 1.411042944785275977e-01 9.815950920245399003e-02 1.288343558282208645e-01 3.067484662576687102e-02 1.288343558282208645e-01
4.500000000000000000e+00 4.032697547683923578e-02 0.000000000000000000e+00 4.504504504504504465e-03 1.126126126126126142e-01 1.396396396396396289e-01 1.486486486486486569e-01 2.252252252252252285e-01 1.666666666666666574e-01 6.756756756756757132e-02 4.504504504504504292e-02 9.009009009009008584e-02
4.500000000000000000e+00 3.760217983651226170e-02 0.000000000000000000e+00 4.830917874396135035e-03 7.246376811594203160e-02 1.207729468599033767e-01 2.367149758454106245e-01 2.270531400966183666e-01 8.212560386473430341e-02 1.014492753623188470e-01 3.864734299516908028e-02 1.159420289855072478e-01
4.500000000000000000e+00 2.397820163487738437e-02 0.000000000000000000e+00 2.272727272727272790e-02 3.030303030303030387e-02 1.590909090909090884e-01 2.575757575757575690e-01 2.196969696969696961e-01 1.212121212121212155e-01 8.333333333333332871e-02 4.545454545454545581e-02 6.060606060606060774e-02
4.500000000000000000e+00 2.306993642143505968e-02 0.000000000000000000e+00 3.149606299212598381e-02 8.661417322834645549e-02 1.259842519685039353e-01 2.204724409448818867e-01 2.519685039370078705e-01 1.181102362204724393e-01 6.299212598425196763e-02 3.937007874015747977e-02 6.299212598425196763e-02
4.500000000000000000e+00 2.306993642143505968e-02 0.000000000000000000e+00 3.937007874015747977e-02 1.023622047244094474e-01 9.448818897637795144e-02 1.968503937007874127e-01 2.992125984251968740e-01 7.086614173228346358e-02 7.086614173228346358e-02 2.362204724409448786e-02 1.023622047244094474e-01
4.500000000000000000e+00 1.707538601271571185e-02 0.000000000000000000e+00 1.063829787234042527e-02 1.276595744680850963e-01 1.170212765957446832e-01 1.489361702127659504e-01 2.127659574468085124e-01 1.595744680851063912e-01 4.255319148936170109e-02 5.319148936170212810e-02 1.276595744680850963e-01
4.500000000000000000e+00 1.562216167120799269e-02 0.000000000000000000e+00 5.813953488372092943e-02 1.976744186046511531e-01 1.627906976744186163e-01 1.279069767441860517e-01 1.395348837209302306e-01 1.046511627906976799e-01 3.488372093023255766e-02 3.488372093023255766e-02 1.395348837209302306e-01
4.500000000000000000e+00 3.178928247048137812e-02 0.000000000000000000e+00 2.857142857142857054e-02 1.771428571428571297e-01 1.371428571428571497e-01 1.257142857142857229e-01 1.600000000000000033e-01 1.028571428571428553e-01 5.714285714285714107e-02 4.571428571428571425e-02 1.657142857142857029e-01
4.500000000000000000e+00 3.415077202543142371e-02 0.000000000000000000e+00 1.063829787234042527e-02 3.723404255319148759e-02 1.968085106382978788e-01 1.382978723404255372e-01 1.702127659574468044e-01 2.074468085106382920e-01 3.723404255319148759e-02 2.659574468085106405e-02 1.755319148936170248e-01
4.500000000000000000e+00 3.887375113533151488e-02 0.000000000000000000e+00 1.401869158878504655e-02 9.345794392523364136e-02 2.897196261682242757e-01 1.355140186915887723e-01 1.962616822429906482e-01 8.878504672897195860e-02 4.672897196261682068e-02 3.738317757009345516e-02 9.813084112149532412e-02
4.500000000000000000e+00 1.961852861035422516e-02 0.000000000000000000e+00 2.777777777777777624e-02 7.407407407407406996e-02 2.037037037037036924e-01 1.481481481481481399e-01 1.666666666666666574e-01 1.759259259259259300e-01 2.777777777777777624e-02 3.703703703703703498e-02 1.388888888888888951e-01
4.500000000000000000e+00 4.468664850136239847e-02 0.000000000000000000e+00 2.439024390243902524e-02 8.130081300813007950e-02 1.341463414634146423e-01 1.626016260162601590e-01 1.300813008130081438e-01 1.219512195121951192e-01 1.178861788617886208e-01 6.910569105691057035e-02 1.585365853658536606e-01
4.500000000000000000e+00 4.795640326975476875e-02 0.000000000000000000e+00 1.893939393939393992e-02 5.303030303030303177e-02 1.931818181818181768e-01 2.613636363636363535e-01 9.090909090909091161e-02 1.174242424242424310e-01 5.303030303030303177e-02 8.712121212121212710e-02 1.250000000000000000e-01
4.500000000000000000e+00 4.287011807447774908e-02 0.000000000000000000e+00 1.694915254237288130e-02 8.474576271186440302e-02 1.694915254237288060e-01 2.372881355932203451e-01 1.398305084745762594e-01 1.398305084745762594e-01 5.932203389830508627e-02 1.694915254237288130e-02 1.355932203389830504e-01
4.500000000000000000e+00 4.813805631244323646e-02 0.000000000000000000e+00 5.660377358490566169e-02 1.132075471698113234e-01 1.320754716981132060e-01 1.584905660377358416e-01 1.584905660377358416e-01 1.320754716981132060e-01 9.056603773584905037e-02 4.905660377358490865e-02 1.094339622641509469e-01
4.500000000000000000e+00 2.107175295186194258e-02 0.000000000000000000e+00 2.586206896551724102e-02 1.637931034482758563e-01 1.034482758620689641e-01 1.379310344827586188e-01 2.155172413793103314e-01 1.379310344827586188e-01 8.620689655172414367e-02 3.448275862068965469e-02 9.482758620689654694e-02
4.500000000000000000e+00 4.523160762942779467e-02 0.000000000000000000e+00 0.000000000000000000e+00 3.614457831325301046e-02 9.236947791164658306e-02 1.887550200803212730e-01 1.967871485943775145e-01 1.485943775100401487e-01 1.686746987951807109e-01 5.220883534136545878e-02 1.164658634538152659e-01
4.500000000000000000e+00 9.954586739327883627e-02 0.000000000000000000e+00 1.094890510948905160e-02 3.102189781021897838e-02 8.576642335766423986e-02 1.970802919708029288e-01 1.843065693430656904e-01 1.806569343065693445e-01 1.459854014598540028e-01 4.927007299270073221e-02 1.149635036496350349e-01
4.500000000000000000e+00 2.089009990917347834e-02 0.000000000000000000e+00 1.739130434782608717e-02 1.826086956521739135e-01 1.826086956521739135e-01 1.565217391304347949e-01 1.130434782608695649e-01 4.347826086956521618e-02 1.217391304347826136e-01 2.608695652173912902e-02 1.565217391304347949e-01
4.500000000000000000e+00 6.430517711171662709e-02 2.824858757062146883e-03 1.129943502824858753e-02 7.909604519774011966e-02 1.807909604519774005e-01 1.553672316384180907e-01 1.723163841807909546e-01 1.016949152542372947e-01 9.039548022598870025e-02 2.824858757062146883e-02 1.779661016949152519e-01
4.500000000000000000e+00 3.360581289736602750e-02 0.000000000000000000e+00 0.000000000000000000e+00 6.486486486486486847e-02 1.297297297297297369e-01 2.216216216216216339e-01 1.351351351351351426e-01 9.729729729729730270e-02 1.567567567567567655e-01 3.243243243243243423e-02 1.621621621621621712e-01
4.500000000000000000e+00 4.541326067211625545e-02 0.000000000000000000e+00 4.000000000000000083e-03 1.039999999999999952e-01 1.400000000000000133e-01 1.960000000000000075e-01 9.199999999999999845e-02 1.280000000000000027e-01 1.680000000000000104e-01 5.999999999999999778e-02 1.079999999999999988e-01
4.500000000000000000e+00 4.105358764759309970e-02 0.000000000000000000e+00 1.327433628318584052e-02 1.415929203539822989e-01 1.592920353982300863e-01 1.548672566371681325e-01 1.946902654867256610e-01 9.734513274336283051e-02 1.017699115044247843e-01 3.539823008849557473e-02 1.017699115044247843e-01
4.500000000000000000e+00 6.012715712988192518e-02 0.000000000000000000e+00 2.416918429003021146e-02 7.250755287009064132e-02 9.667673716012084584e-02 1.752265861027190452e-01 1.903323262839879126e-01 1.993957703927492497e-01 1.329305135951661665e-01 3.021148036253776606e-02 7.854984894259818551e-02
4.500000000000000000e+00 5.031789282470481434e-02 0.000000000000000000e+00 0.000000000000000000e+00 5.776173285198556162e-02 1.732851985559566710e-01 1.913357400722021651e-01 1.660649819494584845e-01 7.942238267148014896e-02 1.407942238267148038e-01 3.249097472924187407e-02 1.588447653429602979e-01
7.000000000000000000e+00 2.572683539008575535e-02 0.000000000000000000e+00 0.000000000000000000e+00 4.065040650406503975e-02 1.422764227642276391e-01 1.382113821138211407e-01 1.910569105691057035e-01 1.626016260162601590e-01 1.585365853658536606e-01 4.065040650406503975e-02 1.260162601626016177e-01
7.000000000000000000e+00 9.673708429198912828e-02 0.000000000000000000e+00 1.081081081081081098e-03 3.783783783783783994e-02 1.145945945945945899e-01 1.805405405405405284e-01 1.686486486486486469e-01 1.491891891891891919e-01 1.610810810810810734e-01 6.594594594594595238e-02 1.210810810810810795e-01
7.000000000000000000e+00 2.039322317506797599e-02 0.000000000000000000e+00 0.000000000000000000e+00 5.128205128205128027e-02 1.179487179487179460e-01 1.743589743589743501e-01 2.102564102564102588e-01 1.384615384615384692e-01 1.435897435897435792e-01 6.153846153846154188e-02 1.025641025641025605e-01
7.000000000000000000e+00 2.332148086174440360e-02 0.000000000000000000e+00 8.968609865470851886e-03 5.381165919282511478e-02 1.434977578475336302e-01 1.928251121076233199e-01 1.569506726457399193e-01 1.524663677130044803e-01 1.210762331838565048e-01 4.035874439461883262e-02 1.300448430493273411e-01
7.000000000000000000e+00 2.007948128006693117e-02 0.000000000000000000e+00 3.125000000000000000e-02 6.250000000000000000e-02 1.927083333333333426e-01 1.510416666666666574e-01 1.979166666666666574e-01 1.145833333333333287e-01 1.354166666666666574e-01 5.729166666666666435e-02 5.729166666666666435e-02
7.000000000000000000e+00 1.024890190336749662e-02 0.000000000000000000e+00 0.000000000000000000e+00 1.224489795918367319e-01 2.142857142857142738e-01 1.530612244897959218e-01 9.183673469387755584e-02 8.163265306122448328e-02 3.061224489795918297e-02 5.102040816326530726e-02 2.551020408163265363e-01
7.000000000000000000e+00 2.520393223175067948e-02 0.000000000000000000e+00 1.244813278008298670e-02 5.394190871369294871e-02 1.120331950207468924e-01 1.950207468879668060e-01 1.659751037344398272e-01 1.825726141078838072e-01 9.958506224066389356e-02 4.149377593360995681e-02 1.369294605809128762e-01
7.000000000000000000e+00 2.572683539008575535e-02 0.000000000000000000e+00 1.219512195121951262e-02 8.130081300813007950e-02 2.032520325203251987e-01 2.113821138211382233e-01 1.178861788617886208e-01 1.260162601626016177e-01 6.910569105691057035e-02 3.658536585365853439e-02 1.422764227642276391e-01
7.000000000000000000e+00 2.729554486509098640e-02 0.000000000000000000e+00 3.831417624521072599e-03 9.961685823754788671e-02 1.647509578544061326e-01 1.839080459770114917e-01 1.187739463601532597e-01 1.072796934865900415e-01 1.455938697318007735e-01 3.831417624521072512e-02 1.379310344827586188e-01
7.000000000000000000e+00 2.959631876176532089e-02 3.533568904593639530e-03 7.067137809187279060e-03 6.713780918727915714e-02 1.696113074204947113e-01 1.908127208480565329e-01 1.660777385159010466e-01 8.127208480565370485e-02 1.766784452296819852e-01 3.886925795053003396e-02 9.893992932862190337e-02
7.000000000000000000e+00 2.635431918008784846e-02 0.000000000000000000e+00 1.190476190476190410e-02 9.523809523809523281e-02 1.349206349206349131e-01 1.666666666666666574e-01 1.190476190476190410e-01 1.666666666666666574e-01 6.349206349206348854e-02 4.761904761904761640e-02 1.944444444444444475e-01
7.000000000000000000e+00 3.231541518510772093e-02 0.000000000000000000e+00 1.294498381877022715e-02 9.385113268608413772e-02 1.294498381877022541e-01 1.941747572815533951e-01 1.585760517799352787e-01 1.262135922330097082e-01 9.061488673139159178e-02 8.090614886731391231e-02 1.132686084142394828e-01
7.000000000000000000e+00 3.106044760510353470e-02 0.000000000000000000e+00 3.367003367003366856e-03 1.784511784511784438e-01 1.380471380471380571e-01 1.582491582491582505e-01 1.077441077441077394e-01 8.754208754208754606e-02 6.397306397306397330e-02 2.693602693602693485e-02 2.356902356902356999e-01
7.000000000000000000e+00 2.060238443840200703e-02 0.000000000000000000e+00 1.015228426395939007e-02 4.568527918781725705e-02 1.015228426395939076e-01 1.725888324873096347e-01 1.979695431472081324e-01 1.776649746192893453e-01 1.776649746192893453e-01 4.568527918781725705e-02 7.106598984771574090e-02
7.000000000000000000e+00 3.377954402844593473e-02 1.238390092879257040e-02 3.715170278637770773e-02 1.052631578947368363e-01 1.424148606811145579e-01 2.074303405572755499e-01 1.238390092879256971e-01 1.083591331269349867e-01 6.811145510835912853e-02 5.263157894736841813e-02 1.424148606811145579e-01
7.000000000000000000e+00 2.112528759673708290e-02 4.950495049504950555e-03 1.089108910891089105e-01 1.435643564356435531e-01 1.336633663366336711e-01 1.237623762376237613e-01 1.633663366336633727e-01 7.920792079207920888e-02 9.900990099009901457e-02 2.970297029702970160e-02 1.138613861386138654e-01
7.000000000000000000e+00 3.639405982012131058e-02 2.873563218390804558e-03 4.022988505747126381e-02 6.321839080459770721e-02 1.781609195402298895e-01 1.752873563218390884e-01 1.408045977011494199e-01 1.149425287356321823e-01 8.045977011494252762e-02 4.310344827586207184e-02 1.609195402298850552e-01
7.000000000000000000e+00 2.949173813009830711e-02 0.000000000000000000e+00 1.063829787234042527e-02 1.631205673758865382e-01 1.843971631205673645e-01 2.021276595744680715e-01 6.737588652482269513e-02 5.673758865248226813e-02 6.382978723404254817e-02 2.482269503546099404e-02 2.269503546099290725e-01
7.000000000000000000e+00 4.653838109182179689e-02 2.247191011235955254e-03 4.719101123595505903e-02 1.595505617977528157e-01 1.505617977528089790e-01 1.820224719101123656e-01 1.011235955056179747e-01 6.516853932584269760e-02 6.741573033707864981e-02 5.842696629213483400e-02 1.662921348314606862e-01
7.000000000000000000e+00 3.001464128843338297e-02 0.000000000000000000e+00 4.181184668989547382e-02 1.010452961672473893e-01 2.996515679442508517e-01 1.498257839721254259e-01 8.710801393728223596e-02 9.059233449477352429e-02 9.059233449477352429e-02 4.181184668989547382e-02 9.756097560975610095e-02
7.000000000000000000e+00 5.626437983685421418e-02 0.000000000000000000e+00 1.115241635687732290e-02 4.275092936802973864e-02 1.263940520446096560e-01 2.211895910780669050e-01 1.821561338289962861e-01 1.617100371747211829e-01 1.171003717472118982e-01 2.416356877323420221e-02 1.133828996282527923e-01
7.000000000000000000e+00 1.288433382137628147e-01 0.000000000000000000e+00 2.191558441558441594e-02 7.548701298701299134e-02 1.509740259740259827e-01 1.574675324675324783e-01 1.777597402597402565e-01 1.071428571428571369e-01 1.509740259740259827e-01 4.870129870129870364e-02 1.095779220779220797e-01
7.000000000000000000e+00 3.147877013177159677e-02 0.000000000000000000e+00 2.657807308970099730e-02 4.651162790697674354e-02 1.594684385382059699e-01 1.594684385382059699e-01 1.295681063122923471e-01 1.063122923588039892e-01 1.794019933554817370e-01 4.651162790697674354e-02 1.461794019933554956e-01
7.000000000000000000e+00 2.708638360175695536e-02 0.000000000000000000e+00 2.702702702702702853e-02 5.405405405405405705e-02 9.266409266409265932e-02 1.698841698841698777e-01 2.200772200772200815e-01 1.158301158301158346e-01 1.351351351351351426e-01 5.019305019305018989e-02 1.351351351351351426e-01
7.000000000000000000e+00 2.478560970508261740e-02 0.000000000000000000e+00 2.531645569620253125e-02 8.860759493670886111e-02 9.704641350210969908e-02 1.645569620253164445e-01 2.489451476793249074e-01 1.476793248945147685e-01 1.518987341772151944e-01 2.109704641350210880e-02 5.485232067510548842e-02
7.000000000000000000e+00 2.938715749843128985e-02 0.000000000000000000e+00 1.067615658362989356e-02 6.405693950177936136e-02 1.637010676156583633e-01 1.209964412811387890e-01 2.206405693950178049e-01 1.886120996441281172e-01 8.185053380782918164e-02 2.491103202846975048e-02 1.245551601423487559e-01
7.000000000000000000e+00 3.315206023844383815e-02 0.000000000000000000e+00 2.839116719242902251e-02 6.624605678233438932e-02 1.324921135646687786e-01 1.703470031545741281e-01 1.482649842271293317e-01 9.148264984227129359e-02 1.388012618296529943e-01 6.940063091482649715e-02 1.545741324921135751e-01
7.000000000000000000e+00 2.792302865509307605e-02 0.000000000000000000e+00 3.745318352059925134e-03 8.614232209737827939e-02 1.235955056179775247e-01 1.535580524344569153e-01 2.134831460674157244e-01 1.086142322097378293e-01 1.797752808988763995e-01 1.498127340823970054e-02 1.161048689138576839e-01
7.000000000000000000e+00 2.907341560343024503e-02 0.000000000000000000e+00 2.517985611510791324e-02 7.194244604316546443e-02 1.582733812949640162e-01 1.474820143884892076e-01 1.366906474820143991e-01 1.330935251798561203e-01 1.007194244604316530e-01 4.676258992805755466e-02 1.798561151079136611e-01
9.500000000000000000e+00 6.512355670659328299e-02 0.000000000000000000e+00 6.628003314001656640e-03 6.876553438276719610e-02 1.217895608947804492e-01 1.507870753935376951e-01 1.739850869925435028e-01 1.847555923777961795e-01 1.151615575807787839e-01 5.633802816901408578e-02 1.217895608947804492e-01
9.500000000000000000e+00 2.071867918420200808e-02 0.000000000000000000e+00 7.812500000000000000e-03 5.729166666666666435e-02 1.484375000000000000e-01 1.562500000000000000e-01 1.406250000000000000e-01 1.744791666666666574e-01 1.484375000000000000e-01 3.385416666666666435e-02 1.328125000000000000e-01
9.500000000000000000e+00 4.041221538793568491e-02 0.000000000000000000e+00 1.602136181575434040e-02 5.473965287049398915e-02 1.735647530040053399e-01 1.455273698264352433e-01 1.522029372496662147e-01 1.428571428571428492e-01 8.544726301735647289e-02 4.806408544726301774e-02 1.815754339118825222e-01
9.500000000000000000e+00 5.125714902341642343e-03 0.000000000000000000e+00 0.000000000000000000e+00 1.052631578947368363e-01 1.578947368421052544e-01 1.578947368421052544e-01 1.368421052631579038e-01 1.052631578947368363e-01 1.473684210526315652e-01 2.105263157894736795e-02 1.684210526315789436e-01
9.500000000000000000e+00 2.616812344879680674e-02 0.000000000000000000e+00 6.185567010309278059e-03 7.835051546391752497e-02 1.752577319587628746e-01 1.814432989690721587e-01 1.422680412371133962e-01 1.237113402061855716e-01 1.092783505154639179e-01 6.185567010309278579e-02 1.216494845360824723e-01
9.500000000000000000e+00 1.408222725801230174e-02 0.000000000000000000e+00 0.000000000000000000e+00 2.298850574712643646e-02 1.226053639846743232e-01 1.839080459770114917e-01 2.413793103448275967e-01 1.570881226053639779e-01 1.302681992337164640e-01 4.597701149425287293e-02 9.578544061302682322e-02
9.500000000000000000e+00 3.733678644653069811e-02 0.000000000000000000e+00 4.335260115606935985e-03 5.491329479768786159e-02 1.416184971098266021e-01 1.864161849710982699e-01 1.632947976878612595e-01 1.329479768786127059e-01 1.141618497109826574e-01 5.202312138728323876e-02 1.502890173410404706e-01
9.500000000000000000e+00 2.222941620805006860e-02 0.000000000000000000e+00 4.854368932038834530e-03 5.339805825242718157e-02 1.966019417475728115e-01 1.553398058252427050e-01 1.747572815533980639e-01 1.092233009708737795e-01 9.223300970873786475e-02 6.067961165048543770e-02 1.529126213592232886e-01
9.500000000000000000e+00 2.757095068522714965e-02 0.000000000000000000e+00 0.000000000000000000e+00 2.152641878669275810e-02 1.409001956947162348e-01 1.780821917808219079e-01 1.956947162426614373e-01 1.467710371819960780e-01 1.272015655577299342e-01 4.696673189823874495e-02 1.428571428571428492e-01
9.500000000000000000e+00 6.134671414697313169e-02 0.000000000000000000e+00 1.407211961301671130e-02 7.036059806508355996e-02 1.574318381706244496e-01 1.600703605980650923e-01 1.583113456464380064e-01 1.160949868073878621e-01 1.398416886543535631e-01 4.309586631486367336e-02 1.407211961301671199e-01
9.500000000000000000e+00 2.336246897593611746e-02 0.000000000000000000e+00 1.385681293302540480e-02 6.235565819861432074e-02 1.870669745958429553e-01 1.616628175519630450e-01 1.570438799076212533e-01 1.270207852193995512e-01 1.085450346420323287e-01 5.773672055427251509e-02 1.247113163972286415e-01
9.500000000000000000e+00 1.462177619510089503e-02 0.000000000000000000e+00 1.476014760147601433e-02 5.166051660516605276e-02 1.070110701107011009e-01 1.918819188191882019e-01 1.623616236162361559e-01 1.771217712177121650e-01 1.439114391143911376e-01 5.166051660516605276e-02 9.963099630996309630e-02
9.500000000000000000e+00 1.640228768749325480e-02 0.000000000000000000e+00 2.631578947368420907e-02 8.223684210526316374e-02 1.677631578947368363e-01 2.269736842105263275e-01 9.868421052631579093e-02 1.151315789473684181e-01 4.934210526315789547e-02 4.605263157894736586e-02 1.875000000000000000e-01
9.500000000000000000e+00 1.624042300636667838e-02 0.000000000000000000e+00 1.661129568106312418e-02 1.029900332225913567e-01 1.561461794019933513e-01 1.694352159468438535e-01 1.461794019933554956e-01 1.063122923588039892e-01 1.428571428571428492e-01 4.318936877076411801e-02 1.162790697674418589e-01
9.500000000000000000e+00 1.494550555735405135e-02 0.000000000000000000e+00 1.083032490974729194e-02 4.693140794223826795e-02 1.335740072202166173e-01 1.660649819494584845e-01 2.021660649819494449e-01 1.588447653429602979e-01 1.191335740072202165e-01 5.776173285198556162e-02 1.046931407942238296e-01
9.500000000000000000e+00 1.289521959641739580e-02 0.000000000000000000e+00 5.020920502092050125e-02 7.531380753138075534e-02 1.464435146443514579e-01 1.255230125523012497e-01 1.631799163179916412e-01 1.589958158995815884e-01 8.786610878661087198e-02 5.020920502092050125e-02 1.422594142259414329e-01
9.500000000000000000e+00 1.953167152260710041e-02 0.000000000000000000e+00 5.524861878453038444e-03 4.972375690607734600e-02 2.127071823204420009e-01 2.237569060773480778e-01 1.270718232044198981e-01 5.248618784530386522e-02 9.944751381215469199e-02 5.801104972375690366e-02 1.712707182320442056e-01
9.500000000000000000e+00 2.703140174813855462e-02 1.996007984031935960e-03 9.980039920159680666e-03 5.988023952095808400e-02 1.716566866267465186e-01 1.776447105788423186e-01 1.477045908183632628e-01 1.317365269461077959e-01 8.982035928143712600e-02 4.191616766467065602e-02 1.676646706586826241e-01
9.500000000000000000e+00 2.007122045969569543e-02 0.000000000000000000e+00 4.032258064516128920e-02 5.376344086021505458e-02 2.231182795698924692e-01 1.747311827956989361e-01 1.451612903225806550e-01 9.408602150537634379e-02 7.526881720430107781e-02 5.645161290322580488e-02 1.370967741935483764e-01
